1.239
1.229
1.216
1.177
1.170
1.167
1.164
1.162
1.160
1.158
1.157
1.156
1.155
1.154
1.153
1.152
1.151
1.151
1.150
1.149
1.148
1.148
1.147
1.147
1.146
1.146
1.145
1.145
1.144
1.144
1.143
1.143
1.143
1.142
1.142
1.142
1.141
1.141
1.141
1.141
1.140
1.140
1.140
1.140
1.139
1.139
1.139
1.139
1.139
1.138
1.138
1.138
1.138
1.138
1.138
1.137
1.137
1.137
1.137
1.137
1.137
1.137
1.137
1.136
1.136
1.136
1.136
1.136
1.136
1.136
1.136
1.136
1.136
1.136
1.136
1.135
1.135
1.135
1.135
1.135
1.135
1.135
1.135
1.135
1.135
1.135
1.135
1.135
1.135
1.135
1.135
1.135
1.135
1.135
1.135
1.135
1.135
1.135
1.135
1.134
1.134
1.134
1.134
1.134
1.134
1.134
1.134
1.134
1.134
1.134
1.134
1.134
1.134
1.134
1.134
1.134
1.134
1.134
1.134
1.134
1.134
1.134
1.134
1.134
1.134
1.134
1.134
1.134
1.134
1.134
1.134
1.134
1.134
1.134
1.134
1.134
1.134
1.134
1.134
1.134
1.134
1.134
1.134
1.134
1.134
1.134
1.134
1.134
1.134
1.134
1.134
1.134
1.134
1.134
1.134
1.134
1.134
1.134
1.134
1.134
1.134
1.134
1.134
1.134
1.134
1.134
1.134
1.134
1.134
1.134
1.134
1.134
1.134
1.134
1.134
1.134
1.134
1.134
1.134
1.134
1.134
1.134
1.134
1.134
1.134
1.134
1.134
1.134
1.134
1.134
1.134
1.134
1.134
1.134
1.134
1.134
1.134
1.134
1.134
1.134
1.134
1.134
1.134
1.134
1.134
1.134
1.134
1.134
1.134
1.134
1.134
1.134
1.134
1.134
1.134
1.134
1.134
1.134
1.134
1.134
1.134
1.134
1.134
1.134
1.134
1.134
1.134
1.134
1.134
1.134
1.134
1.134
1.134
1.134
1.134
1.134
1.134
1.134
1.134
